#OUTPUT: 
K-means clustering with 4 clusters of sizes 256, 39, 183, 68

Cluster means:
  Sex   X80_above     X70to79     X60to69    X50to59    X40to49
1 -0.4970968 -0.56714370 -0.61697821 -0.69106069 -0.6884116 -0.6517147
2  0.1882497  0.83781929  1.07687169  1.71156792  2.2731634  2.5462467
3  0.6017817 -0.08636826 -0.05494385  0.01754513  0.1074007  0.1933794
4  0.1439556  1.88704745  1.85298750  1.57278867  0.9989070  0.4727488
X30to39    X20to29     X10to19      X2016      X2015      X2010
1 -0.6337209 -0.6389289 -0.53802950 -0.7524903 -0.7453074 -0.7039319
2  2.6031103  2.3910609  1.91868170  2.4323556  2.4426826  2.4879107
3  0.2304722  0.3151830  0.33247408  0.1768692  0.1756474  0.1397752
4  0.2725710  0.1858223  0.03035601  0.9618908  0.9322146  0.8470470
X2000
1 -0.6490471
2  2.4140945
3  0.1480279
4  0.6605482

Clustering vector:
  [1] 1 3 1 1 1 1 1 1 1 3 4 1 1 1 1 3 3 1 1 3 1 3 3 1 3 4 1 1 1 1 1 1 1 1 3 1
[37] 3 1 1 1 1 1 2 2 1 3 2 3 1 3 1 4 4 3 3 3 3 3 3 3 1 3 1 3 4 1 1 3 1 1 1 1
[73] 3 3 1 4 4 1 4 4 1 4 4 1 1 3 1 4 2 4 3 3 1 3 4 1 4 4 4 3 3 1 3 3 1 3 3 1
[109] 3 4 1 3 4 1 3 3 1 3 4 1 3 4 1 1 1 1 3 4 1 3 4 1 3 4 1 3 3 1 3 3 1 3 3 1
[145] 3 3 1 1 1 1 3 2 1 4 2 3 4 4 1 3 2 1 3 2 3 3 4 1 1 3 1 3 2 1 3 4 1 3 4 1
[181] 3 4 1 1 3 1 3 3 1 3 4 1 1 1 1 1 1 1 1 1 1 3 4 1 3 3 1 2 2 3 3 3 1 1 1 1
[217] 3 2 1 3 2 1 3 3 3 1 1 1 1 1 1 1 1 1 3 3 1 1 3 1 1 3 1 1 1 1 3 2 1 1 1 1
[253] 2 2 1 1 3 1 3 2 1 1 1 1 3 3 1 3 3 1 3 2 1 1 1 1 2 2 2 4 4 4 1 3 1 2 2 1
[289] 3 3 1 3 4 1 3 4 1 1 3 1 1 1 1 3 4 1 3 3 1 3 4 1 3 3 1 1 3 1 3 3 1 3 2 1
[325] 3 3 1 1 1 1 3 4 1 3 1 3 3 4 1 3 3 3 3 3 1 3 3 1 3 2 1 3 3 1 4 4 4 3 3 1
[361] 1 1 1 1 1 1 1 3 1 3 3 1 3 3 1 1 1 1 1 1 1 3 2 1 3 4 1 1 1 1 4 2 3 3 2 1
[397] 1 3 1 3 3 1 2 2 1 3 4 1 3 3 1 1 1 1 1 3 1 1 1 1 1 1 1 4 4 1 3 4 1 3 3 1
[433] 4 4 4 3 3 1 3 4 1 3 2 1 3 3 1 3 3 1 3 4 1 1 3 1 1 3 1 3 2 1 3 3 1 2 2 3
[469] 3 3 1 3 4 1 1 1 1 1 1 1 3 2 1 3 3 1 4 4 4 1 1 1 3 2 1 1 1 1 3 3 1 3 3 1
[505] 4 4 4 3 2 1 1 1 1 3 3 1 3 4 1 3 2 1 3 2 1 3 3 1 1 3 1 1 1 1 3 3 1 3 3 1
[541] 3 4 1 4 4 4

Within cluster sum of squares by cluster:
  [1] 571.3659 725.5091 766.2887 337.1403
(between_SS / total_SS =  66.1 %)

Available components:
  
  [1] "cluster"      "centers"      "totss"        "withinss"     "tot.withinss"
[6] "betweenss"    "size"         "iter"         "ifault"  